151
312
1197
2
580
129
138
155
577
410
543
542
169
169
811
552
53
547
187
509
570
711
1380
1127
389
794
915
420
700
795
1268
400
642
348
482
863
834
489
718
467
404
484
1165
907
616
282
397
403
617
619
1365
383
814
1171
447
924
898
1219
1081
96
535
524
842
1257
1345
87
3
304
1217
624
1277
867
1322
1111
1276
210
975
138
1100
1213
1207
420
2
405
635
1151
1150
632
632
1268
992
678
945
922
708
1121
1275
516
73
1055
391
843
1084
923
187
51
682
629
1065
294
194
1219
691
698
1022
1
137
355
78
684
646
350
120
104
1294
524
656
1077
1097
725
1062
994
1361
92
635
248
759
513
1106
1033
70
1079
107
1376
1311
1020
477
399
433
653
848
357
147
533
796
528
1182
1298
1171
1200
1164
1130
1174
551
1263
1300
391
275
900
1326
71
227
461
601
452
22
166
420
410
915
748
1121
953
1070
863
236
100
628
870
1147
746
438
468
938
737
1197
188
1078
1137
501
644
1064
1060
422
910
844
478
1373
1284
987
701
1110
1060
696
643
493
460
436
706
876
447
915
1
89
1066
639
667
1301
678
448
1081
57
599
356
568
740
1024
249
555
976
672
995
1189
1289
1125
795
1281
1241
156
1379
1222
156
1006
482
496
744
399
521
693
779
1310
863
122
823
82
427
1151
590
704
733
583
631
591
1383
1368
1232
907
258
1223
830
959
1344
589
1070
547
834
453
704
159
136
1207
620
541
1289
1290
1099
1048
788
86
255
181
508
244
1339
574
768
755
1270
316
977
243
520
1380
184
92
368
215
211
478
1266
566
373
836
410
892
718
563
414
1166
1190
541
883
640
520
521
530
186
189
277
562
562
1084
563
339
715
1330
37
123
58
510
456
1240
1110
1377
1167
76
1242
571
833
708
726
723
365
1066
227
218
633
200
242
861
861
405
997
65
286
1216
219
1332
884
627
549
602
1164
378
943
706
1278
594
1197
1138
1020
1365
189
875
879
532
857
647
509
367
1232
840
1344
373
1135
23
226
1046
762
1260
732
869
1261
910
413
1029
919
904
1071
590
1313
263
671
228
1293
592
920
237
237
170
118
1203
195
161
1243
328
452
726
961
266
8
157
1264
1013
985
343
380
983
1043
472
1196
808
1315
1231
857
1323
809
47
664
483
1280
707
379
523
1084
1082
1090
918
1356
1351
730
1141
985
390
35
963
27
1295
1076
43
401
833
351
125
1210
36
543
349
1089
1233
970
400
1224
653
723
135
470
1317
1133
1343
370
563
627
1209
619
488
1210
1144
269
429
1108
12
714
699
1054
930
350
839
1265
449
1110
369
836
403
665
1005
453
1154
535
483
1309
1036
4
1096
42
334
67
320
982
701
360
947
1240
1279
817
495
14
1176
775
825
1280
427
377
1095
319
218
1293
470
989
424
727
1111
201
454
1343
1007
787
25
1026
1156
483
655
935
813
1361
856
550
351
1013
29
543
429
883
1139
697
654
156
1265
445
62
969
325
1053
1216
1066
562
454
1093
1267
1069
88
953
68
925
18
238
1232
1321
303
190
147
478
702
1212
556
515
44
9
830
615
489
192
735
754
123
1289
531
445
93
653
1260
1244
707
454
575
395
360
347
0
901
901
53
993
1101
1216
273
853
100
1069
404
119
826
280
1167
995
629
1371
157
301
940
641
1135
1317
1130
527
962
1172
366
489
1179
837
115
1094
522
362
1164
5
136
479
49
445
483
1107
0
1341
984
513
824
1066
969
1016
1355
316
1161
1349
549
641
637
320
992
25
1166
629
323
468
475
1103
1170
109
1356
1271
906
1267
642
971
1025
358
280
985
639
1352
400
619
1364
1081
1177
897
946
898
1060
1093
634
1052
675
303
1191
122
852
387
1052
1381
773
1097
1197
1257
775
798
663
1307
483
459
937
1131
1175
1086
1103
837
1178
1360
384
151
664
713
966
138
1099
1035
1266
493
1144
13
1107
961
978
12
1265
913
1141
1235
820
104
111
1127
1140
899
1348
1068
640
156
1082
654
280
778
1353
505
1132
287
1220
832
1119
566
750
330
1159
15
137
1039
1308
444
780
679
443
672
498
1119
752
1220
1348
300
1245
416
354
1071
700
1234
81
814
1199
289
659
923
1091
701
1315
646
645
1026
634
667
467
333
390
1006
565
274
626
792
573
155
1097
324
5
1193
516
28
1348
799
988
501
927
387
958
23
1197
384
967
455
1192
106
965
709
871
1097
1242
354
764
890
1317
153
577
790
372
385
676
1159
1125
150
423
744
440
1359
1360
771
148
1283
279
564
1120
84
1255
285
837
511
1197
892
156
346
1086
477
477
807
918
1102
190
62
1366
1352
387
317
755
949
146
261
547
167
866
1052
326
19
1131
747
21
972
541
46
1081
299
5
389
1256
1168
423
423
490
1065
639
1351
517
87
23
445
1043
818
28
343
469
1240
1335
490
646
1206
1162
578
629
129
1339
40
835
637
1067
1129
522
849
99
887
102
1080
382
1019
1040
63
437
450
345
1370
138
596
888
589
1247
593
604
889
599
1302
9
59
136
568
1351
1357
176
1349
765
1373
20
1370
554
441
1210
1171
803
975
148
1172
952
192
765
351
320
25
551
569
727
1074
1218
737
1216
661
267
1296
205
17
472
1154
1299
615
312
1148
957
753
825
732
1238
945
55
791
564
1257
871
760
45
146
235
854
873
515
762
847
43
267
798
562
1320
1221
511
797
532
1057
956
154
1253
106
966
523
920
1002
208
568
800
559
711
1353
709
264
1353
361
541
1222
800
458
390
379
143
1276
819
712
999
856
849
905
560
9
1286
304
304
1363
710
244
940
868
1217
148
130
15
1357
623
397
9
1073
37
803
65
66
669
669
757
288
1295
1159
165
358
1275
950
1347
1331
307
1289
531
619
739
345
844
567
826
1041
669
130
1251
1229
1032
148
43
639
459
432
462
766
1291
896
884
828
1237
1102
934
1048
650
539
725
812
1038
677
655
162
376
1322
1149
740
399
936
514
482
60
888
650
1311
783
265
668
368
848
519
1313
768
635
153
470
1152
361
1321
1155
568
65
1304
1128
1194
841
1148
768
869
839
1199
601
824
81
1067
1039
674
35
326
1201
279
1242
444
202
863
739
817
505
1149
433
1197
564
442
782
475
1165
1180
856
1229
526
750
940
793
1332
109
1306
1278
685
497
827
306
514
1292
945
178
6
481
872
1263
1360
1303
318
1374
480
508
323
15
393
15
1028
1001
697
468
485
441
491
494
1359
1378
464
1198
167
1143
376
288
508
1301
653
666
1173
1005
283
1283
1281
1226
362
890
30
158
522
1340
689
330
330
1304
16
1170
196
730
476
752
437
662
1149
978
392
465
441
612
1012
16
1153
307
1211
90
842
759
269
592
1149
757
811
271
37
1114
828
1338
1144
39
968
358
396
1311
1068
1337
569
1059
640
883
1028
1102
250
1041
236
18
1236
430
444
1311
929
866
741
136
910
866
1092
431
936
1184
991
546
800
800
1233
1284
1002
107
456
1240
316
298
95
661
222
1104
1340
663
784
689
747
1265
93
296
12
1164
878
1235
6
673
1062
669
266
1009
147
68
1014
241
1238
812
224
229
1094
1291
463
753
1364
230
455
794
1044
916
845
233
252
1039
257
1205
869
301
131
1127
488
314
671
344
929
613
1091
695
693
510
1193
349
614
182
1080
1336
1324
1372
611
332
418
431
254
1280
762
425
923
130
968
1038
1057
883
409
267
1380
1046
610
1094
923
795
782
170
913
931
573
277
1244
799
1063
1376
921
744
36
946
1325
614
1103
26
1056
958
1184
1318
641
122
1046
843
1198
843
464
1046
419
430
716
87
285
1176
1126
1110
1318
1172
7
870
659
592
1211
1161
576
25
506
643
1308
564
564
413
561
612
614
781
1272
1375
394
290
957
376
956
319
789
609
878
135
1254
486
731
437
737
305
564
1280
286
1244
1008
609
486
480
1376
942
922
1308
1069
1183
815
1183
59
449
365
857
395
209
1362
1282
1296
87
13
421
614
625
627
669
449
1132
272
78
140
1353
171
1125
758
1153
1210
897
480
659
378
359
394
1260
1127
385
977
643
1305
714
154
559
1035
1367
1068
44
176
471
1009
828
1025
152
1158
310
1024
886
296
900
566
1221
960
63
1346
435
612
963
906
461
1174
1118
38
1169
794
1206
797
370
1241
1152
979
960
600
434
474
278
690
422
830
1049
489
761
887
451
487
103
714
51
1008
807
1190
1359
699
144
797
994
636
800
983
977
804
850
1107
630
1254
622
40
474
802
41
1297
987
680
165
1180
690
1315
1194
356
338
1310
1304
306
901
1095
687
221
484
498
952
1379
1330
1306
1162
992
772
100
1230
465
758
821
493
575
840
1183
1378
381
335
1203
112
434
778
374
718
584
45
650
1236
881
1352
325
831
1269
826
1124
1091
790
152
227
980
783
1358
9
515
782
1053
954
1285
1364
33
575
303
677
89
715
61
336
677
751
1066
785
899
1186
687
1217
67
86
417
681
442
903
605
612
765
1214
302
789
789
973
781
914
914
928
85
108
758
686
686
757
19
375
1239
1130
823
94
95
1225
108
278
843
727
778
949
420
1198
1351
799
1367
73
1265
1162
691
1145
767
720
53
967
406
865
1036
917
82
771
281
730
807
1204
843
18
120
191
414
396
671
325
1055
422
989
984
1244
13
284
779
783
823
95
435
314
943
848
527
1102
520
349
1023
217
1272
766
228
1352
1083
1083
499
347
993
1010
911
1148
392
1337
632
99
4
122
330
750
748
882
98
1327
938
102
995
78
151
135
404
55
99
1001
1188
263
374
518
32
1259
448
88
1214
590
1278
212
700
355
727
933
939
1186
1325
459
495
475
466
521
743
460
1072
886
1000
777
875
1333
683
664
30
74
609
1212
211
35
1228
1146
1074
807
472
1316
604
1138
822
907
219
144
180
253
72
494
1268
232
552
371
937
851
499
1268
1090
320
608
470
698
772
578
654
657
668
592
423
447
271
916
208
50
43
581
600
871
1227
273
525
752
345
726
1072
785
890
958
655
363
995
891
938
277
188
661
668
623
539
377
884
972
441
357
537
1157
1108
71
1114
1362
1285
1055
379
999
709
428
168
708
1152
826
658
451
534
260
1335
1166
928
310
72
1310
94
990
1238
316
309
937
85
651
1120
668
680
1108
331
818
734
1227
739
1217
867
649
461
119
1357
689
702
1192
809
662
231
1378
685
1205
664
471
1018
1101
811
811
704
150
263
387
1019
819
1294
1329
143
537
628
1085
824
1253
32
168
728
404
94
350
598
1135
58
1030
73
304
450
378
14
404
29
681
771
64
430
359
1186
1296
1345
1326
1334
48
1271
910
1298
997
1050
511
618
814
605
247
907
218
361
976
808
948
1021
595
1178
1022
1288
170
88
601
268
92
4
1367
988
180
999
1209
1074
33
76
518
286
1319
1074
1116
371
1193
1289
865
1072
1372
684
1294
588
921
1004
1004
307
1089
93
228
63
431
964
1015
934
1350
1288
1287
705
791
1111
507
6
997
149
1091
156
182
1337
398
125
795
1131
825
125
1190
849
1115
1281
36
954
139
939
1003
768
553
106
171
444
785
354
1207
455
932
709
655
898
321
860
534
1070
587
440
48
1067
1023
1304
715
1185
27
1261
1260
287
1300
1314
154
91
1230
682
116
384
819
1318
1349
1283
748
1198
473
775
704
1198
1095
1086
942
249
686
12
1052
831
1040
5
1131
895
986
979
394
229
1360
402
1151
84
481
399
1246
1010
364
173
1246
639
1332
667
1132
633
1296
1155
340
488
710
310
317
477
229
117
768
1277
1291
964
956
358
362
1188
1254
1253
442
746
546
1079
684
567
963
387
1044
392
410
389
64
896
715
898
439
667
652
1342
1205
321
527
687
17
97
513
47
622
139
139
381
918
684
987
899
1011
552
1364
1241
90
894
974
221
1106
1195
313
616
844
1194
862
413
743
1200
1259
32
817
994
390
739
587
496
397
485
22
791
295
1338
877
1092
983
1096
914
737
1246
406
1248
63
944
1230
1036
482
397
853
485
307
391
1290
585
879
1285
1171
272
292
615
91
17
1343
881
695
857
1310
121
1064
1223
1151
829
87
897
1121
79
793
939
1345
802
1371
273
585
344
39
337
1271
941
851
322
860
1354
151
171
990
326
692
121
90
1321
49
907
765
465
356
556
386
532
706
265
115
108
704
778
433
999
1153
51
1229
618
1334
1273
126
93
820
897
1222
446
1030
290
1041
1370
36
31
985
710
145
1303
543
464
1110
1026
1106
612
1212
308
1176
766
986
903
791
973
787
79
78
523
110
1044
1173
441
154
464
719
42
102
510
305
484
457
167
1251
1346
736
284
1353
376
26
42
847
505
163
379
148
1266
783
741
808
1198
1252
1128
960
776
400
888
0
126
746
131
940
161
853
1190
124
992
950
1164
1184
798
383
1033
157
1354
774
265
1096
753
284
240
1274
1377
68
313
649
396
877
503
365
167
224
253
891
39
692
926
481
519
1176
855
975
196
113
258
104
1160
206
232
297
1
749
245
185
124
244
300
206
924
594
112
915
577
1229
749
252
201
207
256
392
1130
821
78
194
586
108
31
510
597
963
530
1083
97
920
856
1202
1335
169
647
1232
460
991
1274
681
692
11
408
1339
913
519
1175
569
346
627
1293
1153
615
62
596
1329
1195
1194
844
1380
602
897
97
1006
1055
357
436
132
1149
729
302
363
742
1305
1011
61
22
603
1235
14
14
1030
1012
49
101
13
217
794
812
909
699
539
208
166
1362
935
1302
974
1373
571
338
767
366
1238
1060
1320
1316
902
631
745
587
943
713
1026
1269
176
429
1234
1061
355
421
510
1122
377
226
1183
102
1000
220
792
1141
1202
555
418
1332
753
142
1188
780
1225
1022
266
20
276
567
650
116
1098
1015
1112
366
979
209
665
209
1325
1305
1280
394
754
130
88
502
1117
1124
890
1073
603
199
804
633
4
1036
447
416
417
335
701
1084
2
969
1202
199
964
847
1208
1256
449
464
93
77
580
285
1254
1085
1211
976
1319
521
844
504
1346
1003
1093
908
1
1356
118
227
1073
1296
323
1037
55
318
764
895
1271
1048
1086
292
769
314
948
877
1015
69
739
448
76
479
948
1268
385
945
41
1263
1002
395
7
985
309
1099
1107
343
236
1277
528
1150
568
525
514
1187
255
958
567
380
348
110
630
577
1184
841
484
837
424
332
638
425
229
155
974
927
1094
1157
273
1278
1361
879
1021
786
132
6
94
1082
416
981
451
1179
1307
398
860
854
272
1338
1114
560
70
939
310
478
368
55
1169
1161
1284
1335
1330
1181
1339
916
272
769
1333
1034
337
1100
328
896
1018
938
1267
286
66
1086
423
575
626
1381
971
244
418
1170
513
607
214
181
604
993
576
72
927
995
3
417
950
68
1124
320
1234
444
392
693
1230
99
506
22
1230
767
287
129
581
978
753
544
882
990
1123
842
897
1032
476
502
501
539
261
1340
131
772
336
788
55
806
496
275
1082
945
956
952
716
1059
953
1078
1348
937
1061
1244
1244
1031
1011
1131
359
982
740
1291
885
784
281
83
983
1100
1000
354
363
526
1157
1196
1297
778
651
1220
533
1010
1098
459
748
368
368
368
1201
1301
699
127
1111
503
1118
1282
989
1004
1243
544
883
1080
846
270
778
1313
796
1354
341
705
702
932
499
502
470
718
383
1355
538
725
322
1320
823
270
607
1361
892
953
845
218
969
1114
715
1368
224
575
1159
157
258
1098
906
1341
734
1336
734
1311
586
398
678
353
190
289
274
86
388
29
738
188
855
844
399
1119
1176
485
122
94
905
627
655
588
780
1146
630
953
92
21
486
812
162
1291
970
1208
996
1060
12
90
71
1334
699
458
1318
754
1226
729
141
333
1343
842
756
832
1365
378
918
1021
788
798
119
643
1242
626
1299
31
102
1157
386
1228
633
590
574
325
692
1367
657
902
999
864
402
231
283
500
615
185
57
756
411
1077
170
996
777
1139
102
680
549
38
342
742
1052
102
1071
525
1035
980
572
1106
1094
1350
800
210
975
548
871
609
833
178
224
675
813
648
950
540
541
657
1185
578
728
327
1053
170
1132
989
192
1045
774
1374
586
956
1290
1245
6
676
238
919
1180
651
1376
106
1179
629
861
200
262
1378
177
181
1029
61
587
8
535
880
235
717
492
1359
867
96
762
902
1221
171
919
1
372
751
1033
531
1383
1280
54
614
838
688
1112
1348
722
686
644
131
224
1150
1204
1291
203
702
127
327
1051
223
757
336
951
698
26
801
942
72
212
194
124
184
180
443
180
1171
574
194
1067
1121
852
1072
770
682
283
471
617
415
165
171
887
240
1075
134
1051
571
425
1160
1019
751
582
1005
1047
449
456
777
672
456
226
551
457
874
8
1277
868
1312
1277
611
524
429
1316
594
1373
1119
283
123
262
296
744
590
604
635
1199
884
697
358
305
352
760
1213
1376
110
662
208
279
832
1167
1238
1147
1272
1185
745
1366
882
273
896
820
628
972
1202
1330
329
269
360
1105
360
858
271
624
734
890
713
866
1269
892
838
602
1074
1204
52
960
1203
957
786
329
93
60
160
40
175
204
556
784
876
320
299
1148
203
1244
307
171
537
1280
1256
941
16
515
981
1290
579
1013
1236
1034
292
1111
409
1188
202
245
882
225
1075
251
254
127
277
925
596
104
1113
1383
396
1254
756
1264
88
620
1025
101
1091
1058
909
561
1267
961
924
786
28
1157
1181
333
280
352
1187
1022
722
178
926
322
917
75
1179
633
1104
1128
386
500
1274
846
1140
1140
842
1363
133
1362
712
900
367
258
540
34
989
711
546
1062
113
1137
797
264
1308
1026
55
783
793
857
601
135
828
1100
211
191
1051
258
192
262
972
80
961
736
922
814
825
401
1187
554
26
504
958
29
26
9
280
134
924
1091
559
19
31
291
239
227
282
1228
794
1045
44
838
1277
288
806
303
1257
455
254
637
1130
996
961
1276
281
219
696
227
1066
1292
1044
548
588
998
458
1156
551
988
888
1047
938
988
59
1167
202
255
1308
565
60
846
922
403
903
942
1138
931
1005
662
308
328
607
359
96
760
208
834
588
625
716
1312
949
747
845
874
1367
1054
23
365
106
1373
442
1382
983
1113
665
542
141
259
924
293
859
1346
175
114
306
834
451
185
947
963
109
1221
545
352
174
1283
69
365
548
382
886
511
238
251
512
694
213
414
428
99
136
300
748
703
398
332
21
21
704
960
278
736
241
511
813
986
878
1294
492
1174
475
244
113
328
1369
827
581
80
291
720
167
1218
653
435
1348
173
636
51
743
497
900
53
114
152
648
1264
555
274
413
894
705
100
801
59
405
75
899
607
1108
364
256
175
195
825
173
1076
249
196
202
247
292
214
244
850
61
613
801
237
643
1357
412
259
213
947
295
215
876
204
207
7
155
912
876
862
862
845
621
1146
362
227
720
536
798
391
347
1146
1059
930
246
1024
1075
155
855
46
410
22
815
308
1189
600
1322
99
517
1342
549
1169
645
764
417
594
1257
1123
1236
1072
1185
816
1214
1143
1006
1039
148
101
1158
401
1208
1070
582
744
835
1140
562
981
737
266
1200
1302
1311
717
577
1326
1066
757
367
234
925
1235
1262
685
962
231
928
65
302
119
1132
1125
1087
1158
57
872
728
1190
1276
496
1040
1233
430
672
299
1058
218
224
1292
686
1117
578
114
1329
117
141
578
1051
209
1292
274
819
1337
724
599
47
789
1058
897
1228
1275
847
1065
1141
291
954
583
892
28
1326
1097
4
941
426
427
1275
1135
620
843
1139
263
441
580
36
264
599
931
773
1273
253
536
1007
219
283
676
1358
346
158
834
688
807
550
628
948
353
1058
1224
932
998
80
1372
625
620
408
608
1156
1127
719
1155
124
201
1310
1243
505
638
1191
555
467
347
394
57
1007
703
1267
1017
293
813
125
245
251
758
1143
623
469
649
632
372
579
21
610
899
1297
1072
882
1354
1227
341
711
547
410
191
256
725
603
1100
582
851
1155
888
1351
1196
272
910
183
84
1003
512
1077
991
1058
1285
868
598
250
225
693
917
308
1128
83
1049
717
1056
248
1324
1324
1117
21
981
777
323
708
1208
1081
471
782
4
1278
1095
457
56
1249
237
630
1
437
620
1225
679
748
894
276
946
6
111
2
160
756
80
770
1320
1089
527
354
158
429
1283
343
680
645
161
894
256
123
1250
574
1334
533
747
343
497
135
1133
1355
321
1076
813
1056
183
301
186
69
186
902
995
820
144
1216
539
1214
914
237
915
1115
384
694
1135
179
206
1129
241
187
193
1202
556
255
1008
1024
730
859
762
1356
872
874
931
938
360
200
1321
25
602
674
404
1041
76
1142
1281
73
1104
565
251
163
1220
625
668
381
1199
1099
1207
766
455
754
400
352
760
637
1120
211
416
1261
810
294
1205
1091
618
1059
361
1274
389
130
11
549
581
190
795
736
1281
419
266
116
1126
1131
1010
1345
169
1186
315
133
420
419
986
597
520
866
144
663
916
891
617
755
64
260
1031
1003
491
329
804
804
1287
67
1139
372
936
1183
651
162
1103
31
266
181
255
172
985
112
1058
996
1042
1042
868
1184
1049
1076
1059
1038
1247
1054
231
382
868
1043
258
512
239
73
893
1082
1274
957
1381
1275
1195
126
819
887
1060
1171
304
895
685
1358
242
563
627
1085
734
993
301
213
1252
1075
201
1378
825
178
22
1173
324
278
75
900
80
939
109
488
475
904
54
764
221
1192
983
164
589
541
1191
936
1349
992
544
1243
912
46
490
1050
670
679
745
539
924
1167
20
230
790
190
638
1319
159
738
24
1088
847
559
366
742
1098
524
560
1063
1368
1048
424
18
783
930
335
817
1031
1134
294
731
157
1350
330
330
425
527
534
1059
292
508
499
944
780
763
1324
1011
1116
128
711
1137
1137
130
854
1175
1029
606
191
249
173
68
861
108
217
84
1061
1019
741
428
79
1006
30
595
908
149
132
85
259
259
299
1113
7
614
662
511
623
762
133
626
775
949
1078
86
203
216
113
174
850
508
1362
871
393
1154
199
1051
309
48
606
256
1035
1142
1327
529
1227
509
248
158
1325
1023
27
1209
1354
34
841
1097
1138
971
185
479
32
433
1022
705
1226
323
876
33
270
586
25
762
132
676
418
504
87
590
30
644
243
784
1325
1138
1204
721
1203
311
1358
228
581
1182
1113
43
1224
1134
1345
718
301
1101
1126
47
171
731
352
1147
702
890
119
712
741
1287
840
949
665
872
1269
1353
1351
235
16
618
790
745
978
452
364
1219
1339
161
38
361
495
56
651
116
1292
242
1128
687
675
895
374
713
738
507
51
1037
374
613
1224
816
620
812
605
200
1116
216
216
252
1055
294
556
117
187
421
617
608
321
182
46
463
563
518
1083
433
1087
649
403
904
1336
1368
34
700
11
793
296
297
150
593
584
925
236
128
1015
198
221
821
1119
54
1030
605
1370
1044
96
753
611
205
513
270
182
1162
391
536
1032
185
197
487
861
501
684
1182
1016
328
836
688
146
608
362
1273
1010
457
309
305
634
195
1326
1045
1050
112
628
389
542
1047
1038
236
1003
145
365
887
67
950
1340
1300
1256
1141
686
1107
71
1212
1383
943
1170
728
1061
1325
8
784
967
1017
925
545
10
20
1014
980
1106
817
17
70
808
317
638
1090
990
922
288
993
1038
706
1189
1298
438
530
508
822
474
1100
282
1172
28
604
290
158
722
434
1258
49
1330
1122
758
958
1165
888
1193
320
616
631
1166
426
100
650
547
164
517
1377
1191
382
841
116
728
200
1221
1345
453
1105
154
354
704
543
41
984
1082
1212
1189
598
857
891
952
267
795
340
19
884
553
996
10
1036
1047
693
1126
911
699
32
1057
761
519
432
945
132
22
488
824
1359
879
305
276
671
839
346
1078
198
1281
1225
1048
1213
1366
1045
1101
1049
425
1046
1213
1058
456
870
1090
1191
1049
230
500
838
575
52
686
62
1196
815
1374
639
706
770
397
432
445
538
507
721
439
1028
475
445
698
687
85
49
1286
666
275
275
811
1027
855
1150
728
722
1343
978
979
1304
981
1034
1156
1121
39
877
89
80
305
177
490
16
947
1365
1089
905
284
478
916
81
252
459
529
254
131
581
1148
1346
735
687
623
1122
829
1222
822
151
956
728
517
36
335
549
1345
980
898
1160
253
862
604
909
231
1293
142
230
725
233
695
1136
784
1169
1293
799
502
1018
580
1342
747
505
403
1308
526
321
923
101
1083
1071
226
557
1350
1094
113
919
710
318
145
241
716
276
1285
162
1157
13
767
382
1005
882
364
1326
315
524
759
1173
997
440
336
1187
59
452
332
1361
553
885
603
126
65
588
1081
642
763
696
802
1272
942
696
1364
188
648
224
454
648
918
1262
966
817
607
829
750
1114
915
708
993
457
486
329
379
121
1306
893
388
603
818
557
665
964
1242
419
284
1094
1376
950
310
72
785
989
1252
384
490
140
1314
1226
1314
1176
909
1375
411
1383
406
468
1377
667
438
1228
526
875
655
836
1347
965
1239
810
351
82
83
907
561
879
928
902
492
850
1174
794
3
111
1148
1068
807
807
927
222
1050
718
160
677
1085
920
670
439
572
1194
68
1065
110
1195
85
892
1253
710
476
516
176
1327
228
1231
1044
446
835
233
980
60
589
1322
539
994
1201
599
819
421
1070
973
1293
346
525
307
936
656
1180
941
931
153
1278
643
601
658
1008
115
460
375
554
926
997
725
1124
1078
502
9
746
1285
1313
706
1297
1331
61
948
1117
79
176
409
742
372
193
1377
174
947
244
180
259
723
1075
1379
74
721
793
307
1150
1143
552
1153
498
828
265
1216
937
1224
1274
911
818
1340
101
732
318
997
493
1002
863
658
40
1252
374
1324
629
267
71
1309
444
946
789
913
717
1186
1239
1037
910
216
187
1070
435
740
860
1020
634
1008
120
115
685
146
1323
14
555
873
77
60
645
340
646
1101
477
260
606
188
1327
18
727
85
896
869
207
544
1371
166
159
580
1029
759
542
864
441
875
1338
342
276
1223
1073
1342
381
1063
972
1225
1025
1093
594
204
331
928
34
591
536
1116
1200
360
67
410
371
759
465
870
1172
504
370
1380
735
312
1371
29
868
935
1363
583
837
394
321
875
377
585
1346
982
341
1180
1337
319
677
357
1114
1344
1266
950
585
466
887
665
30
1365
640
71
96
573
1240
300
324
1223
1223
749
1383
271
1178
505
637
1361
965
587
1366
872
603
634
607
136
97
1294
1045
841
793
984
1338
1206
1028
790
693
522
1027
746
1363
1111
1337
984
1175
276
946
1190
679
383
806
858
40
1364
1309
159
466
352
1255
169
279
234
1255
656
936
213
1305
606
308
362
856
855
75
1258
1259
833
46
1328
1019
236
1156
415
1151
296
921
658
402
17
831
1382
712
1198
974
285
944
184
1252
74
919
480
293
591
1199
103
1045
1141
1233
664
879
281
1016
837
1299
1247
474
874
147
225
574
214
570
859
1211
180
297
730
246
591
241
196
574
1077
212
1177
293
635
80
1266
1279
846
1181
432
168
933
1247
1014
702
1186
164
1096
392
1256
846
84
59
708
799
534
855
1125
1126
999
752
350
1375
1381
1170
1359
848
63
745
785
1079
809
1288
976
979
1316
1108
880
990
15
61
1237
1245
1365
884
832
437
646
538
816
98
551
337
746
16
553
967
930
1007
896
532
912
629
1053
1243
438
857
398
188
357
474
172
1369
1347
479
701
1151
1208
1145
881
947
589
146
664
824
1113
525
566
89
1255
21
427
656
56
427
1292
491
514
657
657
1057
514
998
697
666
129
1046
537
748
803
451
953
1226
966
1178
1304
437
1108
480
221
531
1030
466
1323
1067
487
533
52
122
55
1289
1012
917
64
559
559
722
1360
661
603
1065
779
558
1142
380
383
815
1087
1139
1017
67
70
1162
886
722
726
726
240
761
696
845
504
659
520
1259
930
873
898
402
246
412
240
1359
424
424
252
821
1313
339
841
160
90
436
393
864
13
534
576
611
813
1331
1317
1000
2
1156
428
465
889
1111
568
768
1240
881
341
501
733
1090
315
179
1048
1078
1380
942
863
137
205
639
498
298
675
226
492
310
530
772
810
844
796
1062
6
133
642
1
1040
1261
65
173
220
652
1317
18
128
369
1036
525
372
660
519
1038
1265
264
1321
1369
1369
666
1218
251
223
177
557
930
247
825
177
189
38
504
329
849
417
1120
574
199
659
776
1064
663
952
377
934
345
50
949
1272
694
415
662
28
1208
553
955
782
975
371
1290
1170
206
416
1123
411
616
1220
134
1279
848
462
41
1161
140
761
409
66
550
1294
1162
593
1332
628
294
1286
391
934
172
958
494
1127
78
765
603
691
493
1301
1283
1181
182
827
1300
954
269
422
98
1254
1195
1057
213
152
610
1299
363
919
744
522
1299
673
836
1303
363
444
77
978
858
278
388
474
1140
915
1174
1306
966
700
306
773
1184
561
94
1292
17
495
733
487
176
777
645
200
1172
127
688
974
79
582
50
333
292
435
445
885
1202
375
152
931
1357
503
1086
1165
133
284
1043
572
877
340
53
496
337
31
1163
373
317
416
907
531
569
467
1347
1379
671
647
888
801
506
471
167
151
22
479
411
280
687
1080
495
720
1250
1092
720
384
56
289
472
1136
386
1146
280
763
281
361
268
1142
311
1313
518
516
588
189
211
243
1268
234
1323
296
1307
1214
847
0
430
913
882
1249
10
414
573
1379
57
797
504
289
281
763
35
268
1142
340
954
335
816
386
530
518
611
605
1105
1114
1302
1196
527
482
566
249
155
512
874
1116
247
1175
945
1034
966
1271
1080
19
431
1247
316
545
732
1165
678
505
243
250
1227
58
878
1008
1055
75
570
570
569
1109
791
322
1100
850
597
308
1234
1177
254
991
202
289
214
486
998
528
591
594
209
614
83
112
143
1236
818
170
203
570
297
216
194
189
596
173
191
199
592
174
675
301
128
675
388
128
298
644
174
114
295
198
77
1013
134
255
108
565
1115
620
1213
863
565
595
955
1168
1143
601
862
1211
707
760
792
431
883
1021
8
1069
1260
486
377
891
179
332
527
1229
1340
448
1125
52
1270
1207
371
1270
962
1270
551
936
485
874
273
455
145
1296
584
529
959
1072
1084
46
1309
366
1023
1331
1309
111
358
447
90
74
700
908
337
637
681
493
141
338
560
571
593
1341
1288
82
1312
623
1188
484
269
659
1065
894
968
875
1118
878
812
578
1332
677
885
889
514
1078
726
754
265
432
229
668
732
537
1135
672
315
315
561
1342
831
549
740
468
439
466
1028
1285
23
344
1085
679
290
1043
348
421
365
702
665
1374
716
787
302
70
807
1166
819
221
764
712
1177
625
686
664
579
821
1284
1342
697
1367
1253
1343
977
1138
982
347
852
980
232
595
240
38
434
795
712
774
163
160
118
380
624
1306
1302
287
821
962
1038
761
214
35
745
670
670
676
577
1315
103
1227
544
385
177
205
1308
257
187
916
462
1160
421
239
215
104
373
1329
92
689
690
53
398
666
201
771
511
652
1042
1329
438
758
680
27
213
298
439
164
318
949
505
621
247
1032
831
1102
1282
537
977
1357
823
773
28
577
592
39
1109
457
443
642
45
608
487
1118
1118
828
1251
1253
586
1248
712
45
561
817
1326
754
1053
203
311
311
1237
1360
1341
1116
849
787
1132
208
839
922
649
98
712
44
1152
703
163
740
646
339
876
833
1316
385
414
202
282
85
960
179
201
298
238
636
1109
107
243
304
309
355
533
1312
1206
1037
926
599
257
809
1318
981
1358
695
245
216
243
355
195
1054
854
302
1049
1134
245
1102
524
242
259
586
134
204
852
1063
1218
206
1115
120
237
720
246
388
302
298
183
198
675
1021
917
175
232
725
295
257
54
598
691
181
5
380
977
645
889
134
1025
75
714
824
568
970
1145
924
391
853
1155
446
446
494
609
306
446
208
1161
166
646
269
849
1281
836
1144
50
5
141
165
323
272
256
331
1031
1092
206
859
1001
583
175
211
1095
909
207
223
678
798
970
608
380
767
827
648
293
197
321
153
107
1356
1250
1330
123
966
122
692
1030
1382
1098
815
737
290
550
1032
91
92
515
1355
1095
777
987
806
651
1335
667
490
707
757
235
880
1189
1269
557
295
223
988
779
79
1123
522
986
1003
806
29
1341
440
495
982
232
1129
636
389
953
653
390
881
42
438
395
1200
1163
1028
338
647
573
1056
466
1211
405
879
1063
1375
14
192
1043
1246
1250
792
1284
133
1012
911
858
111
1131
1173
275
72
27
566
240
1297
1347
454
160
42
1145
234
952
5
34
1183
820
10
723
937
520
23
510
506
826
468
541
904
220
469
1124
43
1324
498
1328
1082
313
334
835
1324
625
801
72
153
912
431
313
796
1163
996
57
951
864
895
631
1042
1057
843
1062
951
1061
354
869
149
1098
567
1371
755
810
520
1147
1145
709
23
873
951
1035
414
195
1099
896
1258
1179
565
904
469
1033
1105
716
358
408
903
1088
1088
903
832
671
839
1251
1262
577
959
625
1168
1323
852
278
49
1372
145
1307
908
449
976
835
860
399
1167
1130
994
262
329
822
987
649
962
529
1341
1000
960
334
1383
1225
375
876
688
1379
719
1189
600
752
491
968
1216
962
721
538
1067
271
545
288
1311
818
535
478
1149
1161
1377
883
1262
343
717
1181
912
271
1368
229
1272
705
1018
775
348
485
324
1239
1147
724
929
30
1201
1268
484
399
45
773
433
285
735
946
1279
348
1278
1105
1206
853
856
1203
436
427
1088
147
1083
532
1019
1034
560
707
19
769
827
1013
1088
1003
235
369
1350
1174
334
1178
111
109
553
774
260
279
24
689
334
283
1028
1319
1250
1133
1224
621
785
936
1130
1168
957
832
1252
559
750
740
448
996
1141
1186
1347
303
376
376
889
1012
647
609
821
154
546
69
1370
743
751
1245
707
382
1088
137
154
721
240
31
91
373
676
312
1001
461
852
314
499
615
629
405
1258
379
998
889
439
1117
1166
56
1331
28
751
643
268
809
1145
973
885
1315
86
835
1252
810
1363
49
131
724
494
743
736
1152
1104
699
969
467
654
1209
481
436
1150
74
1290
472
1027
366
1231
951
631
786
955
481
518
791
1248
624
317
118
263
821
507
909
1147
287
1354
1248
455
1037
469
506
571
1303
1140
582
698
110
1031
211
369
952
1087
1167
190
626
38
1011
1025
1255
341
531
1375
710
842
839
1257
878
393
698
1192
301
723
485
964
545
1064
1168
1152
703
892
424
405
1227
552
905
674
443
1263
517
46
149
955
767
148
973
169
788
1335
205
804
1100
464
921
545
346
402
1317
56
503
1321
709
904
693
1319
790
496
356
788
621
1328
326
1200
51
881
677
394
1138
700
121
1232
473
553
655
779
597
729
749
583
993
1364
663
428
923
572
826
411
764
361
955
497
652
202
140
1271
1269
768
1219
1259
1149
1251
1007
1005
457
155
127
867
333
1210
642
542
1039
1257
76
1303
1288
1132
1136
442
1218
613
613
1230
517
182
351
280
1316
77
618
311
97
503
890
402
997
1160
142
221
777
1381
749
496
42
1123
813
598
1151
168
495
84
1070
338
325
836
783
16
564
1073
1303
723
41
889
895
460
1004
640
769
334
381
1185
62
144
530
1331
595
1119
0
547
1024
838
766
1088
450
197
838
415
212
1214
901
985
1287
1234
70
1296
390
1021
161
1287
741
298
120
1213
946
1120
1208
348
1355
66
606
242
1188
1249
816
690
1323
834
925
939
519
845
1306
1369
704
1229
311
656
356
355
673
809
933
964
925
905
926
507
1179
1256
453
375
632
760
1193
279
944
151
1152
452
1133
415
1233
234
793
901
933
281
33
932
706
1061
169
802
85
770
820
10
401
1339
591
957
842
543
462
249
733
866
1085
1192
895
1307
618
143
1245
386
327
494
733
830
392
347
772
493
103
169
862
831
322
710
619
1122
618
1328
1298
1142
396
69
650
1319
438
715
1137
1371
62
554
817
910
972
161
340
1322
521
829
116
976
1118
519
1243
789
1241
339
62
908
417
418
1124
892
922
641
850
854
727
411
1027
550
755
653
471
494
1163
1001
1259
121
1147
1374
1245
481
1169
501
462
645
601
270
1237
1016
554
822
1080
1164
614
755
684
679
1003
75
850
639
983
557
1057
114
114
1056
1152
1028
669
580
30
1001
1000
427
751
585
1162
119
318
1221
1022
1106
734
87
1206
552
1009
1262
1283
691
533
533
750
582
957
413
276
1036
1063
165
388
325
747
1288
781
1236
1050
544
858
440
1368
1260
838
621
9
220
382
826
465
446
860
41
1079
811
1329
1015
1275
70
869
1340
621
272
1204
63
353
333
1017
492
756
260
606
663
29
1330
88
143
132
973
921
814
955
422
1305
506
443
1173
1040
1176
1129
115
45
605
1300
1370
257
82
513
870
743
52
939
331
1258
145
691
448
682
220
735
388
688
1007
797
332
1073
752
1302
287
787
11
26
1200
1182
802
1375
995
76
703
967
963
979
970
801
885
490
1002
121
1145
1173
616
642
339
1155
658
811
449
459
431
927
415
1337
1366
885
804
96
1362
1298
729
729
400
930
81
939
53
962
707
489
433
881
630
1345
787
1018
585
1314
1295
107
138
1103
1103
434
387
1338
722
101
956
406
453
426
426
1258
1120
190
840
1065
1163
1368
815
1017
1199
1061
500
74
1334
1320
1226
1052
1096
1037
357
641
944
905
1312
1193
1049
479
1059
426
58
1349
475
370
415
928
419
557
442
1012
339
561
819
89
679
786
1076
754
516
2
413
884
617
864
336
864
409
947
423
682
210
121
1013
598
334
1190
755
371
418
473
1273
641
1134
640
205
83
18
1273
517
694
251
216
186
509
1134
184
4
179
730
859
193
594
191
193
213
1115
987
1295
948
237
192
291
257
300
1016
776
1333
91
544
571
417
1026
35
618
733
1363
1237
1304
19
767
659
659
477
615
1182
261
40
840
803
714
862
486
1372
371
576
781
601
899
515
369
697
34
652
1320
796
11
571
576
397
1373
1295
521
1369
1053
749
935
856
1234
1378
335
297
198
1166
769
482
269
316
627
1322
1328
56
1027
188
1261
158
784
451
153
587
480
894
746
450
545
1294
621
668
971
1172
317
48
580
286
638
736
1106
1323
1139
554
1004
250
913
353
986
390
440
291
1015
223
167
291
241
635
596
1233
806
231
243
175
182
240
295
636
874
125
1212
692
929
750
210
959
1068
1245
824
1112
1112
865
1014
1171
943
1136
183
1275
234
103
1317
542
1329
381
1282
1254
405
1110
515
315
972
612
489
248
1188
1159
1047
918
106
146
914
763
717
1378
1122
571
150
763
145
476
378
500
315
713
961
141
471
159
585
848
401
421
24
961
652
273
262
37
887
470
1187
287
1233
98
899
1354
300
93
1107
364
1261
931
1006
502
406
1209
408
289
981
701
468
1334
460
870
841
333
598
1122
412
808
1136
265
1133
849
1064
572
572
667
1286
110
109
447
738
1274
1286
222
299
396
1142
164
865
158
1204
409
150
1109
331
627
364
324
666
893
669
711
1085
904
1017
250
264
1217
309
625
692
497
630
233
558
118
232
343
536
109
623
157
322
1379
906
776
1313
37
540
153
1087
1177
1321
775
965
1225
775
322
95
596
47
421
1349
33
1348
1071
98
1248
268
1279
26
560
375
263
395
220
222
608
602
42
1096
713
666
36
975
1193
933
585
735
864
118
129
911
637
226
38
1287
963
367
1371
10
1016
450
1191
351
696
289
753
855
852
331
207
859
245
861
187
703
971
1153
11
1369
1
132
401
815
797
913
1144
1249
366
100
1189
1214
818
1249
984
517
110
634
186
1055
416
903
126
656
159
458
697
1084
1014
419
339
900
661
292
1309
816
95
149
130
296
1219
765
833
1258
739
164
902
65
771
419
731
52
803
367
1090
238
8
834
1089
674
1287
1045
573
60
464
802
877
920
1017
176
13
1201
346
328
1232
420
423
673
873
560
58
1256
875
458
771
328
538
350
599
535
558
652
412
406
938
1347
369
66
44
163
605
1052
255
729
794
711
532
767
540
434
342
1207
225
229
414
196
247
1264
1023
252
741
1051
528
1032
337
1246
418
610
215
1116
773
211
1115
251
1109
1076
1060
636
1235
170
1047
991
297
214
512
867
1211
215
1029
191
311
916
174
248
64
385
558
991
414
412
74
932
951
548
674
782
288
71
1358
886
985
319
785
61
1365
1062
683
681
932
1273
323
1079
765
965
967
1192
1069
180
374
1019
129
1101
460
733
367
784
500
557
583
741
1368
526
814
1175
757
274
1338
436
175
1312
1089
991
1205
740
435
440
1284
1212
15
442
1270
1027
514
395
600
898
822
633
445
739
1039
1282
31
467
310
1165
634
733
1231
1178
260
644
1097
651
854
1315
918
548
250
44
15
313
1157
195
911
19
361
848
1336
1021
1235
464
222
513
529
853
732
491
1110
742
139
342
409
66
120
324
1350
314
745
362
11
792
933
709
197
1033
82
988
731
622
772
631
846
349
198
738
319
309
325
954
326
1344
147
1121
383
766
657
967
334
1318
1246
89
116
1351
67
906
1089
1039
1221
683
319
1216
69
695
1102
611
1067
338
524
66
1203
1264
1352
183
989
1027
32
491
452
871
349
678
349
1134
1181
1183
380
1087
749
112
617
1059
1058
1154
1333
808
834
33
483
77
778
1047
275
1223
965
303
1032
313
275
317
624
940
526
1246
978
302
657
507
1201
507
1380
597
827
1192
1020
76
1276
50
610
934
980
934
1232
893
774
893
926
1240
54
1128
285
1096
177
172
439
830
98
1237
997
1064
406
1009
462
1209
521
149
487
1255
403
600
810
894
636
766
798
1344
1195
86
970
905
88
1297
593
336
1182
1052
1249
346
1346
689
872
893
610
920
376
610
82
572
742
492
510
1155
1041
591
573
12
10
573
1294
1320
274
1374
1203
858
103
168
613
1333
1270
1262
1381
201
1247
1309
632
872
1335
656
1099
685
1068
974
1062
1284
534
811
723
620
306
736
658
1000
342
866
359
1210
499
205
1377
68
1327
1248
1356
1117
1079
1322
1074
1382
290
1231
48
261
881
1226
705
851
1080
1153
1008
928
1020
393
48
39
649
1056
500
891
83
650
941
660
1040
428
1033
133
1286
631
1259
265
1261
408
660
139
264
336
597
1161
1264
878
7
1016
1041
267
960
286
719
1289
50
97
472
1034
20
379
345
124
1328
1333
502
1310
1056
977
1031
1187
450
422
396
999
144
595
674
1180
926
142
912
303
974
389
57
1237
115
344
1129
1382
1372
512
186
259
207
293
1075
178
179
327
207
955
14
868
476
608
1234
487
196
386
142
228
209
899
434
711
1214
12
226
1249
1185
197
426
332
990
20
491
935
1220
550
44
694
691
313
350
239
370
219
248
645
258
465
356
759
1083
1205
1251
459
476
503
428
976
616
788
756
1113
1175
623
3
584
50
1077
0
1168
385
1381
569
235
1269
790
1140
420
509
1016
185
923
192
193
910
239
217
943
851
1163
516
654
512
914
606
294
128
694
245
548
92
351
223
242
256
348
859
190
117
920
203
197
183
780
7
193
917
108
851
185
353
670
1310
629
89
138
1265
177
1018
765
732
583
1267
181
184
239
1228
1143
1092
327
529
511
249
509
291
1015
615
647
250
262
724
212
730
210
255
256
252
781
489
747
1341
641
1194
1355
141
538
285
1105
1300
1092
286
537
1014
425
425
854
364
168
288
1353
1307
1133
971
372
1005
1383
1282
1253
408
934
90
1041
1153
579
714
1307
446
1182
330
598
54
271
326
528
217
1122
451
349
737
744
1001
919
1033
662
342
340
341
341
214
86
1160
213
189
929
929
143
781
837
901
735
153
1299
555
763
942
1366
788
780
1002
1081
78
738
1108
682
1238
566
561
734
39
759
81
1243
461
3
381
3
476
912
719
1301
198
1382
1298
1188
1187
422
329
466
283
1093
713
526
696
908
770
443
270
792
168
344
886
1143
959
433
786
1144
1048
830
300
880
941
150
1314
308
1112
539
659
669
1251
156
1336
968
139
590
1207
314
671
166
867
647
1302
1010
1248
483
172
1077
731
369
695
103
345
2
264
1050
114
184
184
796
471
1358
619
535
727
1012
45
1041
828
1011
395
446
612
1204
174
481
569
813
1266
557
212
294
337
677
860
1222
220
839
583
1263
480
1218
453
179
377
1362
724
52
1241
522
1114
682
356
1117
1069
484
498
27
918
412
1191
563
310
1117
454
404
103
434
791
1206
1056
1231
1169
531
535
1314
681
940
1104
1363
537
772
1085
470
8
1290
135
835
949
1146
1018
1181
40
764
140
81
1255
536
1352
552
673
344
1264
592
288
802
453
992
1316
1200
716
912
33
671
840
684
1288
69
546
124
239
178
215
238
177
327
194
1129
432
546
246
113
120
1093
252
204
724
669
456
506
644
331
801
703
536
383
672
865
447
126
1124
266
109
326
990
411
970
450
1112
773
868
1303
1205
277
607
559
393
43
932
909
64
769
779
472
1179
833
305
1030
73
1332
461
1013
1177
1129
206
128
257
248
217
295
335
690
225
173
203
7
886
363
104
509
183
97
735
1295
554
1250
1194
261
661
1077
196
159
198
570
1350
1169
164
853
530
721
823
355
318
1022
1298
552
59
457
670
32
208
490
589
1046
403
550
363
3
1126
107
1355
1263
584
1344
622
355
771
1134
1336
1361
1219
1026
948
152
1325
921
1079
95
1023
944
1209
548
362
353
1306
529
1367
743
1165
814
994
1087
994
467
761
701
1026
24
737
140
1020
35
436
721
137
84
474
1344
24
306
1241
1375
829
690
139
136
914
549
425
1262
1229
1250
770
621
1247
1327
1315
1327
779
13
373
312
1235
374
829
1373
917
478
429
810
942
987
870
1009
398
877
721
403
1039
132
235
79
648
262
990
1148
776
1242
373
1131
268
1346
1004
1279
164
448
390
1360
1158
634
742
1376
579
352
642
473
1128
1356
1301
1305
1305
836
344
101
865
908
751
1004
1127
1034
24
24
165
299
40
1253
1260
1069
482
106
827
1336
770
119
1224
1073
911
793
1218
1105
968
954
1040
83
339
489
829
550
1299
1342
353
878
129
1267
342
1197
1230
831
1150
278
820
776
430
160
1154
761
1279
720
1226
582
279
959
562
691
1172
1314
1195
402
1318
869
1119
58
654
1222
161
1009
959
267
1103
968
873
873
719
1035
137
137
199
367
617
673
315
867
1333
824
582
1331
940
1174
593
338
714
982
181
104
95
622
27
63
239
0
752
1126
1024
146
1236
135
1071
880
1222
34
964
166
903
378
100
469
1196
1159
400
935
921
461
254
724
282
228
253
1375
1137
1228
969
83
725
141
1109
1104
162
581
118
979
906
123
437
469
172
941
694
178
194
1202
986
166
1137
1121
1053
1199
37
715
935
277
528
1266
1107
195
17
1084
25
756
91
152
726
579
1293
651
290
1071
463
593
1123
1140
284
499
268
540
170
933
684
822
319
1219
149
657
1007
1120
1092
846
1133
774
980
925
1125
378
473
984
1213
806
760
143
803
1090
261
1312
1064
927
1043
809
808
787
492
488
113
1196
558
1073
300
1300
1364
324
1135
579
636
1158
973
41
375
91
731
1074
558
1277
503
372
274
454
234
236
1011
1382
282
138
1217
384
94
1002
786
1185
858
738
900
769
638
698
1220
689
165
312
1374
648
1123
880
1156
163
393
135
1098
1190
1372
1025
473
708
524
145
270
1239
943
263
54
1158
566
927
887
1217
96
988
1242
826
952
1239
544
1184
429
1201
965
37
689
594
902
494
430
473
536
316
1352
210
776
1095
782
1055
992
147
1239
626
1159
588
1301
242
282
370
1093
1015
1370
1050
456
219
799
602
655
1031
443
518
47
638
1158
664
871
727
107
567
683
578
1115
209
705
1006
1168
804
604
231
1037
602
99
729
587
1297
58
924
293
1238
556
789
401
1035
1231
189
294
569
295
124
974
232
1113
214
680
225
780
246
186
1029
1154
246
193
215
112
327
225
435
140
200
117
662
1282
1213
221
1042
463
998
179
1276
1049
877
893
891
530
359
463
681
432
397
320
540
223
134
1099
919
951
413
410
345
1286
970
508
253
357
1270
1076
1054
1020
845
909
458
26
534
144
898
847
674
73
1136
901
672
233
218
387
1032
204
241
176
258
861
57
1191
1054
1054
1042
800
626
1334
199
247
204
297
210
1075
832
1144
1051
678
982
312
812
1366
142
117
696
1042
424
1143
565
575
230
589
238
971
123
360
1273
683
1328
1164
452
789
1223
1146
1210
978
674
803
163
906
127
111
1118
20
771
660
115
676
891
774
1029
944
1044
840
477
1262
277
1068
476
1167
463
77
823
719
1241
632
157
48
1170
68
576
661
314
900
1379
1014
555
488
64
683
816
1063
950
830
197
1263
796
368
126
1271
172
261
1343
1178
588
542
567
543
1086
624
254
348
304
640
47
610
560
223
125
162
117
602
218
225
504
233
678
717
1272
809
217
880
998
1109
1136
595
463
1295
969
802
162
125
131
350
458
622
233
1291
253
219
799
683
1030
523
230
589
222
142
1109
127
230
222
462
1180
60
1339
937
1101
260
1139
683
792
975
1319
381
150
687
462
171
1276
69
426
1160
1310
1206
75
1357
370
81
851
546
412
676
1154
359
597
50
1009
1104
1024
479
497
718
876
299
758
695
1112
1010
1163
408
781
347
1061
498
865
987
212
30
929
1349
497
1177
51
1023
